255 255 255 255 255 255 255 255 255 255 255 255 255 255 255 255
255 219 159 159 159 159 159 159 159 159 159 159 159 159 219 255
255 159   0   0   0   0   0   0   0   0   0   0   0   0 159 255
255 159   0   0   0   0   0   0   0   0   0   0   0   0 159 255
255 159   0   0   3  28  28  28  28  28  28   3   0   0 159 255
255 159   0   0  28 222 222 222 222 222 222  28   0   0 159 255
255 159   0   0  28 222 222 222 222 222 222  28   0   0 159 255
255 159   0   0  28 222 222 222 222 222 222  28   0   0 159 255
255 159   0   0  28 216 216 222 208 222 222  28   0   0 159 255
255 159   0   0  22 143 173 222 151 222 222  28   0   0 159 255
255 159   0   0  22 173 204 222 222 222 222  28   0   0 159 255
255 159   0   0   3  28  28  28  28  28  28   3   0   0 159 255
255 159   0   0   0   0   0   0   0   0   0   0   0   0 159 255
255 159   0   0   0   0   0   0   0   0   0   0   0   0 159 255
255 219 159 159 159 159 159 159 159 159 159 159 159 159 219 255
255 255 255 255 255 255 255 255 255 255 255 255 255 255 255 255
255 255 255 255 255 255 255 255 255 255 255 255 255 255 255 255
255 219 159 159 159 159 159 159 159 159 159 159 159 159 219 255
255 159   0   0   0   0   0   0   0   0   0   0   0   0 159 255
255 159   0   0   0   0   0   0   0   0   0   0   0   0 159 255
255 159   0   0   3  28  28  28  28  28  28   3   0   0 159 255
255 159   0   0  28 222 222 222 222 222 222  28   0   0 159 255
255 159   0   0  28 222 222 222 222 222 222  28   0   0 159 255
255 159   0   0  28 222 222 222 222 222 222  28   0   0 159 255
255 159   0   0  28 216 216 222 208 222 222  28   0   0 159 255
255 159   0   0  22 143 173 222 151 222 222  28   0   0 159 255
255 159   0   0  22 173 204 222 222 222 222  28   0   0 159 255
255 159   0   0   3  28  28  28  28  28  28   3   0   0 159 255
255 159   0   0   0   0   0   0   0   0   0   0   0   0 159 255
255 159   0   0   0   0   0   0   0   0   0   0   0   0 159 255
255 219 159 159 159 159 159 159 159 159 159 159 159 159 219 255
255 255 255 255 255 255 255 255 255 255 255 255 255 255 255 255
255 255 255 255 255 255 255 255 255 255 255 255 255 255 255 255
255 219 159 159 159 159 159 159 159 159 159 159 159 159 219 255
255 159   0   0   0   0   0   0   0   0   0   0   0   0 159 255
255 159   0   0   0   0   0   0   0   0   0   0   0   0 159 255
255 159   0   0   3  28  28  28  28  28  28   3   0   0 159 255
255 159   0   0  28 222 222 222 222 222 222  28   0   0 159 255
255 159   0   0  28 222 222 222 222 222 222  28   0   0 159 255
255 159   0   0  28 222 222 222 222 222 222  28   0   0 159 255
255 159   0   0  28 216 216 222 208 222 222  28   0   0 159 255
255 159   0   0  22 143 173 222 151 222 222  28   0   0 159 255
255 159   0   0  22 173 204 222 222 222 222  28   0   0 159 255
255 159   0   0   3  28  28  28  28  28  28   3   0   0 159 255
255 159   0   0   0   0   0   0   0   0   0   0   0   0 159 255
255 159   0   0   0   0   0   0   0   0   0   0   0   0 159 255
255 219 159 159 159 159 159 159 159 159 159 159 159 159 219 255
255 255 255 255 255 255 255 255 255 255 255 255 255 255 255 255

255 255 255 255 255 255 255 255 255 255 255 255 255 255 255 255
255 219 159 159 159 159 159 159 159 159 159 159 159 159 219 255
255 159   0   0   0   0   0   0   0   0   0   0   0   0 159 255
255 159   0   0   0   0   0   0   0   0   0   0   0   0 159 255
255 159   0   0   3  28  28  28  28  28  28   3   0   0 159 255
255 159   0   0  28 222 222 222 222 222 222  28   0   0 159 255
255 159   0   0  28 222 222 222 222 222 222  28   0   0 159 255
255 159   0   0  28 222 222 222 208 151 222  28   0   0 159 255
255 159   0   0  28 222 222 222 222 222 222  28   0   0 159 255
255 159   0   0  28 222 222 222 216 173 204  28   0   0 159 255
255 159   0   0  28 222 222 222 216 143 173  28   0   0 159 255
255 159   0   0   3  28  28  28  28  22  22   3   0   0 159 255
255 159   0   0   0   0   0   0   0   0   0   0   0   0 159 255
255 159   0   0   0   0   0   0   0   0   0   0   0   0 159 255
255 219 159 159 159 159 159 159 159 159 159 159 159 159 219 255
255 255 255 255 255 255 255 255 255 255 255 255 255 255 255 255
255 255 255 255 255 255 255 255 255 255 255 255 255 255 255 255
255 219 159 159 159 159 159 159 159 159 159 159 159 159 219 255
255 159   0   0   0   0   0   0   0   0   0   0   0   0 159 255
255 159   0   0   0   0   0   0   0   0   0   0   0   0 159 255
255 159   0   0   3  28  28  28  28  28  28   3   0   0 159 255
255 159   0   0  28 222 222 222 222 222 222  28   0   0 159 255
255 159   0   0  28 222 222 222 222 222 222  28   0   0 159 255
255 159   0   0  28 222 222 222 208 151 222  28   0   0 159 255
255 159   0   0  28 222 222 222 222 222 222  28   0   0 159 255
255 159   0   0  28 222 222 222 216 173 204  28   0   0 159 255
255 159   0   0  28 222 222 222 216 143 173  28   0   0 159 255
255 159   0   0   3  28  28  28  28  22  22   3   0   0 159 255
255 159   0   0   0   0   0   0   0   0   0   0   0   0 159 255
255 159   0   0   0   0   0   0   0   0   0   0   0   0 159 255
255 219 159 159 159 159 159 159 159 159 159 159 159 159 219 255
255 255 255 255 255 255 255 255 255 255 255 255 255 255 255 255
255 255 255 255 255 255 255 255 255 255 255 255 255 255 255 255
255 219 159 159 159 159 159 159 159 159 159 159 159 159 219 255
255 159   0   0   0   0   0   0   0   0   0   0   0   0 159 255
255 159   0   0   0   0   0   0   0   0   0   0   0   0 159 255
255 159   0   0   3  28  28  28  28  28  28   3   0   0 159 255
255 159   0   0  28 222 222 222 222 222 222  28   0   0 159 255
255 159   0   0  28 222 222 222 222 222 222  28   0   0 159 255
255 159   0   0  28 222 222 222 208 151 222  28   0   0 159 255
255 159   0   0  28 222 222 222 222 222 222  28   0   0 159 255
255 159   0   0  28 222 222 222 216 173 204  28   0   0 159 255
255 159   0   0  28 222 222 222 216 143 173  28   0   0 159 255
255 159   0   0   3  28  28  28  28  22  22   3   0   0 159 255
255 159   0   0   0   0   0   0   0   0   0   0   0   0 159 255
255 159   0   0   0   0   0   0   0   0   0   0   0   0 159 255
255 219 159 159 159 159 159 159 159 159 159 159 159 159 219 255
255 255 255 255 255 255 255 255 255 255 255 255 255 255 255 255

254 252 249 249 249 249 249 249 249 249 249 249 249 249 252 254
252 194 130 130 130 130 130 130 130 130 130 130 130 130 194 252
249 130   0   0   0   0   0   0   0   0   0   0   0   0 130 249
249 130   0   0   0   0   0   0   0   0   0   0   0   0 130 249
249 130   0   0  10  47  47  44  46  45  45   9   0   0 130 249
249 130   0   0  47 222 221 183 196 191 176  40   0   0 130 249
249 130   0   0  47 222 221 149 174 173 158  42   0   0 130 249
249 130   0   0  47 222 221 210 214 214 214  47   0   0 130 249
249 130   0   0  47 222 222 222 222 222 222  47   0   0 130 249
249 130   0   0  47 222 222 222 222 222 222  47   0   0 130 249
249 130   0   0  47 222 222 222 222 222 222  47   0   0 130 249
249 130   0   0  10  47  47  47  47  47  47  10   0   0 130 249
249 130   0   0   0   0   0   0   0   0   0   0   0   0 130 249
249 130   0   0   0   0   0   0   0   0   0   0   0   0 130 249
252 194 130 130 130 130 130 130 130 130 130 130 130 130 194 252
254 252 249 249 249 249 249 249 249 249 249 249 249 249 252 254
254 252 249 249 249 249 249 249 249 249 249 249 249 249 252 254
252 194 130 130 130 130 130 130 130 130 130 130 130 130 194 252
249 130   0   0   0   0   0   0   0   0   0   0   0   0 130 249
249 130   0   0   0   0   0   0   0   0   0   0   0   0 130 249
249 130   0   0   9  45  44  43  46  45  45   9   0   0 130 249
249 130   0   0  44 196 204 182 196 191 176  40   0   0 130 249
249 130   0   0  46 206 214 149 174 173 158  42   0   0 130 249
249 130   0   0  47 221 221 210 214 214 214  47   0   0 130 249
249 130   0   0  47 222 222 222 222 222 222  47   0   0 130 249
249 130   0   0  47 222 222 222 222 222 222  47   0   0 130 249
249 130   0   0  47 222 222 222 222 222 222  47   0   0 130 249
249 130   0   0  10  47  47  47  47  47  47  10   0   0 130 249
249 130   0   0   0   0   0   0   0   0   0   0   0   0 130 249
249 130   0   0   0   0   0   0   0   0   0   0   0   0 130 249
252 194 130 130 130 130 130 130 130 130 130 130 130 130 194 252
254 252 249 249 249 249 249 249 249 249 249 249 249 249 252 254
254 252 249 249 249 249 249 249 249 249 249 249 249 249 252 254
252 194 130 130 130 130 130 130 130 130 130 130 130 130 194 252
249 130   0   0   0   0   0   0   0   0   0   0   0   0 130 249
249 130   0   0   0   0   0   0   0   0   0   0   0   0 130 249
249 130   0   0   9  41  40  42  46  45  45   9   0   0 130 249
249 130   0   0  39 160 180 179 196 191 176  40   0   0 130 249
249 130   0   0  43 186 204 149 174 173 158  42   0   0 130 249
249 130   0   0  47 221 221 210 214 214 214  47   0   0 130 249
249 130   0   0  47 222 222 222 222 222 222  47   0   0 130 249
249 130   0   0  47 222 222 222 222 222 222  47   0   0 130 249
249 130   0   0  47 222 222 222 222 222 222  47   0   0 130 249
249 130   0   0  10  47  47  47  47  47  47  10   0   0 130 249
249 130   0   0   0   0   0   0   0   0   0   0   0   0 130 249
249 130   0   0   0   0   0   0   0   0   0   0   0   0 130 249
252 194 130 130 130 130 130 130 130 130 130 130 130 130 194 252
254 252 249 249 249 249 249 249 249 249 249 249 249 249 252 254

255 252 249 249 249 249 249 249 249 249 249 249 249 249 252 255
252 194 131 131 131 131 131 131 131 131 131 131 131 131 194 252
249 131   0   0   0   0   0   0   0   0   0   0   0   0 131 249
249 131   0   0   0   0   0   0   0   0   0   0   0   0 131 249
249 131   0   0   9  41  42  48  48  48  48  10   0   0 131 249
249 131   0   0  45 177 158 215 222 222 222  48   0   0 131 249
249 131   0   0  46 191 173 215 222 222 222  48   0   0 131 249
249 131   0   0  47 196 175 215 222 222 222  48   0   0 131 249
249 131   0   0  44 184 150 211 222 222 222  48   0   0 131 249
249 131   0   0  48 222 222 222 222 222 222  48   0   0 131 249
249 131   0   0  48 222 222 222 222 222 222  48   0   0 131 249
249 131   0   0  10  48  48  48  48  48  48  10   0   0 131 249
249 131   0   0   0   0   0   0   0   0   0   0   0   0 131 249
249 131   0   0   0   0   0   0   0   0   0   0   0   0 131 249
252 194 131 131 131 131 131 131 131 131 131 131 131 131 194 252
255 252 249 249 249 249 249 249 249 249 249 249 249 249 252 255
255 252 249 249 249 249 249 249 249 249 249 249 249 249 252 255
252 194 131 131 131 131 131 131 131 131 131 131 131 131 194 252
249 131   0   0   0   0   0   0   0   0   0   0   0   0 131 249
249 131   0   0   0   0   0   0   0   0   0   0   0   0 131 249
249 131   0   0   9  41  42  48  48  48  48  10   0   0 131 249
249 131   0   0  45 177 158 215 222 222 222  48   0   0 131 249
249 131   0   0  46 191 173 215 222 222 222  48   0   0 131 249
249 131   0   0  47 196 175 215 222 222 222  48   0   0 131 249
249 131   0   0  44 182 150 211 222 222 222  48   0   0 131 249
249 131   0   0  45 204 214 221 222 222 222  48   0   0 131 249
249 131   0   0  46 197 207 222 222 222 222  48   0   0 131 249
249 131   0   0  10  45  46  48  48  48  48  10   0   0 131 249
249 131   0   0   0   0   0   0   0   0   0   0   0   0 131 249
249 131   0   0   0   0   0   0   0   0   0   0   0   0 131 249
252 194 131 131 131 131 131 131 131 131 131 131 131 131 194 252
255 252 249 249 249 249 249 249 249 249 249 249 249 249 252 255
255 252 249 249 249 249 249 249 249 249 249 249 249 249 252 255
252 194 131 131 131 131 131 131 131 131 131 131 131 131 194 252
249 131   0   0   0   0   0   0   0   0   0   0   0   0 131 249
249 131   0   0   0   0   0   0   0   0   0   0   0   0 131 249
249 131   0   0   9  41  42  48  48  48  48  10   0   0 131 249
249 131   0   0  45 177 158 215 222 222 222  48   0   0 131 249
249 131   0   0  46 191 173 215 222 222 222  48   0   0 131 249
249 131   0   0  47 196 175 215 222 222 222  48   0   0 131 249
249 131   0   0  43 180 149 211 222 222 222  48   0   0 131 249
249 131   0   0  40 180 205 221 222 222 222  48   0   0 131 249
249 131   0   0  42 161 186 221 222 222 222  48   0   0 131 249
249 131   0   0   9  40  43  48  48  48  48  10   0   0 131 249
249 131   0   0   0   0   0   0   0   0   0   0   0   0 131 249
249 131   0   0   0   0   0   0   0   0   0   0   0   0 131 249
252 194 131 131 131 131 131 131 131 131 131 131 131 131 194 252
255 252 249 249 249 249 249 249 249 249 249 249 249 249 252 255
